version https://git-lfs.github.com/spec/v1
oid sha256:abb26fd86694cca1031061757e8ae421f2f2a046a063346567e135efa6bd3c2e
size 4144471
