version https://git-lfs.github.com/spec/v1
oid sha256:f2cf34552c730f73c3c62a5ca1ea374d36b031b9b48d2e86081694f7e580281b
size 5018340
